MetaCyc pathway ID	PY1 predicted abundance	PY2 predicted abundance	PY1 relative abundance (%)	PY2 relative abundance (%)
1CMET2-PWY	14155.158704	3967.378085	0.5126	0.6493
3-HYDROXYPHENYLACETATE-DEGRADATION-PWY	1031.731546	288.284860	0.0374	0.0472
AEROBACTINSYN-PWY	12.789879	0.000000	0.0005	0.0000
ALL-CHORISMATE-PWY	6205.573477	776.363891	0.2247	0.1271
ANAEROFRUCAT-PWY	13964.098167	4126.407604	0.5057	0.6754
ANAGLYCOLYSIS-PWY	15683.430175	4682.293120	0.5680	0.7664
ARG+POLYAMINE-SYN	5116.447779	1063.210624	0.1853	0.1740
ARGDEG-PWY	1152.571936	389.016072	0.0417	0.0637
ARGORNPROST-PWY	3100.113482	280.865428	0.1123	0.0460
ARGSYN-PWY	12815.913615	3955.572454	0.4641	0.6474
ARGSYNBSUB-PWY	14261.239111	4034.974188	0.5165	0.6604
ARO-PWY	15543.232477	4281.422062	0.5629	0.7007
ASPASN-PWY	9310.311289	2654.363233	0.3372	0.4344
AST-PWY	1292.671729	283.864879	0.0468	0.0465
BIOTIN-BIOSYNTHESIS-PWY	9143.675758	1008.559882	0.3311	0.1651
BRANCHED-CHAIN-AA-SYN-PWY	18921.320810	4520.846593	0.6852	0.7399
CALVIN-PWY	16432.578368	3902.066891	0.5951	0.6387
CATECHOL-ORTHO-CLEAVAGE-PWY	3774.868612	0.000000	0.1367	0.0000
CENTFERM-PWY	3901.670354	829.412506	0.1413	0.1358
CHLOROPHYLL-SYN	1580.416303	0.000000	0.0572	0.0000
COA-PWY	14288.016956	4025.297693	0.5174	0.6588
COBALSYN-PWY	5456.200839	1277.370360	0.1976	0.2091
CODH-PWY	249.204035	0.000000	0.0090	0.0000
COLANSYN-PWY	6894.704351	725.704180	0.2497	0.1188
COMPLETE-ARO-PWY	16287.482284	4464.566763	0.5899	0.7307
CRNFORCAT-PWY	1558.533899	50.092872	0.0564	0.0082
DAPLYSINESYN-PWY	14271.880110	3341.842648	0.5169	0.5470
DENITRIFICATION-PWY	563.092840	0.000000	0.0204	0.0000
DENOVOPURINE2-PWY	14485.371440	4379.630717	0.5246	0.7168
DHGLUCONATE-PYR-CAT-PWY	238.362042	0.000000	0.0086	0.0000
DTDPRHAMSYN-PWY	11058.495314	4019.523172	0.4005	0.6579
ECASYN-PWY	628.574045	383.371848	0.0228	0.0627
ENTBACSYN-PWY	3386.243859	1110.554124	0.1226	0.1818
FAO-PWY	12415.210799	844.873314	0.4496	0.1383
FASYN-ELONG-PWY	16157.182684	2000.104622	0.5851	0.3274
FASYN-INITIAL-PWY	11353.458785	769.400035	0.4112	0.1259
FERMENTATION-PWY	12024.340621	4112.352553	0.4355	0.6731
FOLSYN-PWY	15143.588076	4391.781828	0.5484	0.7188
FUC-RHAMCAT-PWY	893.013462	393.400857	0.0323	0.0644
FUCCAT-PWY	582.393752	279.988679	0.0211	0.0458
GALACT-GLUCUROCAT-PWY	2709.491337	448.752193	0.0981	0.0734
GALACTARDEG-PWY	620.055374	317.151163	0.0225	0.0519
GALACTUROCAT-PWY	4205.618753	564.847221	0.1523	0.0924
GALLATE-DEGRADATION-I-PWY	173.467123	4.000000	0.0063	0.0007
GALLATE-DEGRADATION-II-PWY	173.467123	4.000000	0.0063	0.0007
GLCMANNANAUT-PWY	2861.774293	1960.339237	0.1036	0.3208
GLUCARDEG-PWY	672.080250	317.151163	0.0243	0.0519
GLUCARGALACTSUPER-PWY	620.055374	317.151163	0.0225	0.0519
GLUCONEO-PWY	15034.076481	2489.786247	0.5445	0.4075
GLUCOSE1PMETAB-PWY	4202.452487	552.644468	0.1522	0.0905
GLUCUROCAT-PWY	3071.670969	484.379823	0.1112	0.0793
GLUTORN-PWY	13673.621402	3575.809846	0.4952	0.5853
GLYCOCAT-PWY	9052.073770	4273.906433	0.3278	0.6995
GLYCOGENSYNTH-PWY	10965.442911	4683.336416	0.3971	0.7665
GLYCOL-GLYOXDEG-PWY	723.239610	349.611181	0.0262	0.0572
GLYCOLYSIS	15789.245732	4428.728074	0.5718	0.7249
GLYCOLYSIS-E-D	12524.207163	1371.371458	0.4536	0.2245
GLYCOLYSIS-TCA-GLYOX-BYPASS	12712.706774	1042.008962	0.4604	0.1705
GLYOXYLATE-BYPASS	9032.256178	580.978332	0.3271	0.0951
GOLPDLCAT-PWY	486.441483	0.000000	0.0176	0.0000
HCAMHPDEG-PWY	428.956833	275.127273	0.0155	0.0450
HEME-BIOSYNTHESIS-II	8567.583833	428.647133	0.3103	0.0702
HEMESYN2-PWY	13034.097491	691.783406	0.4720	0.1132
HEXITOLDEGSUPER-PWY	5872.125141	2072.968963	0.2127	0.3393
HISDEG-PWY	5898.980913	532.181850	0.2136	0.0871
HISTSYN-PWY	14018.394971	3485.680198	0.5077	0.5705
HOMOSER-METSYN-PWY	7877.247933	3154.781048	0.2853	0.5163
HSERMETANA-PWY	11815.164469	2219.000211	0.4279	0.3632
ILEUSYN-PWY	21002.520763	4630.081225	0.7606	0.7578
KDO-NAGLIPASYN-PWY	1997.509425	478.988853	0.0723	0.0784
KETOGLUCONMET-PWY	1029.716124	53.834906	0.0373	0.0088
LACTOSECAT-PWY	1913.037706	2880.328486	0.0693	0.4714
LEU-DEG2-PWY	7357.917746	84.426608	0.2665	0.0138
LIPASYN-PWY	322.673612	0.000000	0.0117	0.0000
LPSSYN-PWY	51.325964	31.836332	0.0019	0.0052
MET-SAM-PWY	11270.203655	3921.643622	0.4082	0.6419
METH-ACETATE-PWY	297.377863	242.516761	0.0108	0.0397
METHGLYUT-PWY	910.106468	371.106976	0.0330	0.0607
METHYLGALLATE-DEGRADATION-PWY	216.122560	4.998255	0.0078	0.0008
NAD-BIOSYNTHESIS-II	6032.547291	466.439960	0.2185	0.0763
NADSYN-PWY	1360.612479	8.863426	0.0493	0.0015
NAGLIPASYN-PWY	7568.630353	741.572254	0.2741	0.1214
NONMEVIPP-PWY	12330.273401	1824.848487	0.4465	0.2987
NONOXIPENT-PWY	18784.246388	5188.587130	0.6803	0.8492
OANTIGEN-PWY	12116.175159	4167.029446	0.4388	0.6820
ORNARGDEG-PWY	1152.571936	389.016072	0.0417	0.0637
ORNDEG-PWY	1254.219380	461.697350	0.0454	0.0756
P101-PWY	781.248580	0.000000	0.0283	0.0000
P105-PWY	14227.752587	939.777754	0.5153	0.1538
P108-PWY	6874.002522	431.810085	0.2489	0.0707
P122-PWY	7588.539866	1218.327234	0.2748	0.1994
P124-PWY	8715.305806	1598.868366	0.3156	0.2617
P125-PWY	2356.110775	22.830954	0.0853	0.0037
P161-PWY	9539.960373	5520.724578	0.3455	0.9036
P162-PWY	1064.019963	0.000000	0.0385	0.0000
P163-PWY	394.448991	580.339719	0.0143	0.0950
P164-PWY	3302.491041	1222.788335	0.1196	0.2001
P184-PWY	165.348590	5.089617	0.0060	0.0008
P221-PWY	5668.332856	72.230038	0.2053	0.0118
P23-PWY	12231.829047	983.956123	0.4430	0.1610
P241-PWY	42.857845	2.919813	0.0016	0.0005
P281-PWY	886.847410	5.922797	0.0321	0.0010
P341-PWY	109.556482	0.000000	0.0040	0.0000
P381-PWY	1367.616876	191.291532	0.0495	0.0313
P4-PWY	12351.498491	3169.831008	0.4473	0.5188
P42-PWY	10359.124530	946.345274	0.3752	0.1549
P441-PWY	6276.838029	2277.491784	0.2273	0.3728
P461-PWY	5542.528429	1218.544428	0.2007	0.1994
P562-PWY	777.688165	2.726882	0.0282	0.0004
P621-PWY	312.803197	0.000000	0.0113	0.0000
PANTO-PWY	12201.944383	1547.674351	0.4419	0.2533
PANTOSYN-PWY	12469.116805	1900.977009	0.4516	0.3111
PENTOSE-P-PWY	12919.108226	1868.208107	0.4679	0.3058
PEPTIDOGLYCANSYN-PWY	15413.802352	4490.566750	0.5582	0.7350
PHOSLIPSYN-PWY	17354.420030	4954.887257	0.6285	0.8110
POLYAMINSYN3-PWY	2911.565839	128.954543	0.1054	0.0211
POLYAMSYN-PWY	3244.893279	681.077727	0.1175	0.1115
POLYISOPRENSYN-PWY	12011.642020	4042.696717	0.4350	0.6617
PPGPPMET-PWY	8442.098720	1350.202870	0.3057	0.2210
PROTOCATECHUATE-ORTHO-CLEAVAGE-PWY	4256.326187	26.752680	0.1541	0.0044
PRPP-PWY	13480.050712	2781.923144	0.4882	0.4553
PWY-1269	6833.324723	790.977664	0.2475	0.1295
PWY-1422	91.373842	0.000000	0.0033	0.0000
PWY-1501	30.170032	0.000000	0.0011	0.0000
PWY-1541	10.493230	0.000000	0.0004	0.0000
PWY-1622	966.064040	0.000000	0.0350	0.0000
PWY-181	4433.234390	163.719691	0.1606	0.0268
PWY-1861	5184.353285	31.828849	0.1878	0.0052
PWY-1882	133.559379	0.000000	0.0048	0.0000
PWY-2221	89.221255	0.000000	0.0032	0.0000
PWY-2941	4998.951670	3130.848954	0.1810	0.5124
PWY-2942	16814.428332	4464.011801	0.6089	0.7306
PWY-3001	17244.061831	4504.165320	0.6245	0.7372
PWY-3661	644.297873	50.040008	0.0233	0.0082
PWY-3781	32428.025071	1140.007840	1.1744	0.1866
PWY-3801	1011.018454	0.000000	0.0366	0.0000
PWY-4361	864.058420	5.935366	0.0313	0.0010
PWY-4722	90.137344	0.000000	0.0033	0.0000
PWY-4984	6579.696216	1104.459237	0.2383	0.1808
PWY-5005	1180.155537	375.715929	0.0427	0.0615
PWY-5022	4840.449954	508.936831	0.1753	0.0833
PWY-5028	1018.871388	0.000000	0.0369	0.0000
PWY-5088	131.250006	0.000000	0.0048	0.0000
PWY-5097	15771.658763	3254.613402	0.5712	0.5327
PWY-5100	10071.844032	4401.040619	0.3648	0.7203
PWY-5101	21862.636992	4985.078149	0.7918	0.8159
PWY-5103	17683.198278	4418.185280	0.6404	0.7231
PWY-5104	10802.585065	3791.748297	0.3912	0.6206
PWY-5121	12508.268497	2206.270243	0.4530	0.3611
PWY-5154	8051.688150	803.552446	0.2916	0.1315
PWY-5177	975.299991	248.370574	0.0353	0.0407
PWY-5178	572.736027	0.000000	0.0207	0.0000
PWY-5180	2035.985037	472.360126	0.0737	0.0773
PWY-5181	2610.100892	0.000000	0.0945	0.0000
PWY-5182	2035.985037	472.360126	0.0737	0.0773
PWY-5183	124.526949	0.000000	0.0045	0.0000
PWY-5188	12978.381645	1350.885950	0.4700	0.2211
PWY-5189	12496.952024	1313.679050	0.4526	0.2150
PWY-5198	464.533793	0.000000	0.0168	0.0000
PWY-5265	5635.424836	0.000000	0.2041	0.0000
PWY-5304	1524.990000	1.500000	0.0552	0.0002
PWY-5345	12281.858974	835.010263	0.4448	0.1367
PWY-5347	11000.858562	3431.760215	0.3984	0.5617
PWY-5384	4038.039026	3916.575814	0.1462	0.6410
PWY-5392	118.058818	0.000000	0.0043	0.0000
PWY-5415	1584.189773	401.663161	0.0574	0.0657
PWY-5417	3973.774202	0.000000	0.1439	0.0000
PWY-5419	509.289418	0.000000	0.0184	0.0000
PWY-5420	713.491809	0.000000	0.0258	0.0000
PWY-5430	490.490813	0.000000	0.0178	0.0000
PWY-5431	3973.774202	0.000000	0.1439	0.0000
PWY-5484	14943.027426	4310.676104	0.5412	0.7055
PWY-5505	7211.064418	1216.979871	0.2612	0.1992
PWY-5507	1347.799659	316.311202	0.0488	0.0518
PWY-5509	4915.573699	1237.096755	0.1780	0.2025
PWY-5529	1333.741857	0.000000	0.0483	0.0000
PWY-5531	1881.034460	0.000000	0.0681	0.0000
PWY-5647	231.237548	0.000000	0.0084	0.0000
PWY-5651	894.987729	5.553696	0.0324	0.0009
PWY-5654	203.748330	0.000000	0.0074	0.0000
PWY-5655	440.881237	0.000000	0.0160	0.0000
PWY-5656	43.740226	0.000000	0.0016	0.0000
PWY-5659	12957.268993	2251.196678	0.4693	0.3685
PWY-5667	18143.844167	5215.803676	0.6571	0.8537
PWY-5676	2898.656871	1529.654762	0.1050	0.2504
PWY-5686	17075.733818	4624.166923	0.6184	0.7568
PWY-5695	13891.016722	4503.884359	0.5031	0.7372
PWY-5705	2048.662670	281.119130	0.0742	0.0460
PWY-5741	690.687558	37.546925	0.0250	0.0061
PWY-5747	5560.419578	316.435894	0.2014	0.0518
PWY-5837	4138.516429	545.310247	0.1499	0.0893
PWY-5838	6698.142877	736.843286	0.2426	0.1206
PWY-5840	6674.675472	783.390633	0.2417	0.1282
PWY-5845	5730.068572	687.327689	0.2075	0.1125
PWY-5850	5730.068572	687.327689	0.2075	0.1125
PWY-5855	7240.992836	479.270908	0.2622	0.0784
PWY-5856	7240.992836	479.270908	0.2622	0.0784
PWY-5857	7240.992836	479.270908	0.2622	0.0784
PWY-5860	4476.273758	599.877325	0.1621	0.0982
PWY-5861	5388.924129	657.741827	0.1952	0.1077
PWY-5862	4476.273758	599.877325	0.1621	0.0982
PWY-5863	4483.916796	610.731130	0.1624	0.1000
PWY-5896	5730.068572	687.327689	0.2075	0.1125
PWY-5897	6516.204091	759.020969	0.2360	0.1242
PWY-5898	6516.204091	759.020969	0.2360	0.1242
PWY-5899	6516.204091	759.020969	0.2360	0.1242
PWY-5910	4523.312727	2874.425910	0.1638	0.4705
PWY-5913	12179.424771	3105.743937	0.4411	0.5083
PWY-5918	10693.019227	725.460682	0.3873	0.1187
PWY-5920	7003.766329	249.935573	0.2536	0.0409
PWY-5941	1044.677187	30.536351	0.0378	0.0050
PWY-5971	13803.923246	1311.303056	0.4999	0.2146
PWY-5973	17523.018661	4518.402868	0.6346	0.7395
PWY-5989	12391.515288	865.168392	0.4488	0.1416
PWY-6071	2613.253215	324.096878	0.0946	0.0530
PWY-6107	552.527404	0.000000	0.0200	0.0000
PWY-6121	17377.220835	4338.088937	0.6293	0.7100
PWY-6122	16784.199870	4301.960923	0.6078	0.7041
PWY-6123	14725.968395	4127.679269	0.5333	0.6756
PWY-6125	15988.896880	4325.453457	0.5790	0.7079
PWY-6126	16784.504032	5116.847663	0.6079	0.8375
PWY-6143	26.027162	0.000000	0.0009	0.0000
PWY-6147	14945.373738	3701.963885	0.5413	0.6059
PWY-6148	45.622684	3.316657	0.0017	0.0005
PWY-6151	11936.548589	3854.843229	0.4323	0.6309
PWY-6163	14983.196065	4076.171143	0.5426	0.6671
PWY-6165	53.214945	0.000000	0.0019	0.0000
PWY-6167	66.438716	0.000000	0.0024	0.0000
PWY-6174	119.065523	0.000000	0.0043	0.0000
PWY-6182	3760.330680	0.000000	0.1362	0.0000
PWY-6185	3883.898990	3.458774	0.1407	0.0006
PWY-621	9215.654597	5484.666061	0.3337	0.8977
PWY-6210	58.084481	0.000000	0.0021	0.0000
PWY-6263	1918.199739	4.484094	0.0695	0.0007
PWY-6269	4951.287320	1232.858389	0.1793	0.2018
PWY-6277	16784.199870	4301.960923	0.6078	0.7041
PWY-6282	12289.801360	891.901104	0.4451	0.1460
PWY-6317	9136.645103	4635.140974	0.3309	0.7586
PWY-6338	132.162606	4.922019	0.0048	0.0008
PWY-6339	269.279533	0.000000	0.0098	0.0000
PWY-6349	30.214919	0.000000	0.0011	0.0000
PWY-6350	27.414545	0.000000	0.0010	0.0000
PWY-6353	12103.915699	3435.055093	0.4383	0.5622
PWY-6383	2661.399758	71.159856	0.0964	0.0116
PWY-6385	15403.846264	4490.566750	0.5579	0.7350
PWY-6386	15564.683690	4628.509287	0.5637	0.7575
PWY-6387	15606.649245	4592.667103	0.5652	0.7517
PWY-6396	2470.893863	55.130495	0.0895	0.0090
PWY-6397	194.240545	29.284193	0.0070	0.0048
PWY-6467	6915.350000	428.780000	0.2504	0.0702
PWY-6470	6274.022544	1890.316702	0.2272	0.3094
PWY-6471	8927.815999	3992.163311	0.3233	0.6534
PWY-6478	297.773983	0.000000	0.0108	0.0000
PWY-6505	156.593197	0.000000	0.0057	0.0000
PWY-6507	3339.273011	822.700576	0.1209	0.1347
PWY-6519	9527.371922	984.166935	0.3450	0.1611
PWY-6545	5251.431331	492.965675	0.1902	0.0807
PWY-6562	747.575928	20.251676	0.0271	0.0033
PWY-6588	2154.220042	1597.085387	0.0780	0.2614
PWY-6590	4595.474765	1012.963594	0.1664	0.1658
PWY-6608	11142.626845	2922.821641	0.4035	0.4784
PWY-6609	11852.521659	5604.585404	0.4292	0.9173
PWY-6612	14294.281582	4438.826213	0.5177	0.7265
PWY-6628	13000.078023	2972.967333	0.4708	0.4866
PWY-6629	2820.796445	1831.082806	0.1022	0.2997
PWY-6630	12357.085488	2951.794112	0.4475	0.4831
PWY-6641	50.514235	0.000000	0.0018	0.0000
PWY-6654	39.917998	0.000000	0.0014	0.0000
PWY-6690	428.956833	275.127273	0.0155	0.0450
PWY-6700	11062.242319	3251.450260	0.4006	0.5322
PWY-6703	9801.885805	1029.583650	0.3550	0.1685
PWY-6708	7240.992836	479.270908	0.2622	0.0784
PWY-6713	177.575438	11.056268	0.0064	0.0018
PWY-6728	504.860135	128.524057	0.0183	0.0210
PWY-6731	138.393425	0.000000	0.0050	0.0000
PWY-6737	8708.987050	4523.269045	0.3154	0.7403
PWY-6749	283.890919	0.000000	0.0103	0.0000
PWY-6876	1660.079839	764.146521	0.0601	0.1251
PWY-6891	1450.899978	1009.274122	0.0525	0.1652
PWY-6892	4842.225846	1418.971699	0.1754	0.2322
PWY-6895	4834.261237	733.113637	0.1751	0.1200
PWY-6897	11837.470644	1409.511740	0.4287	0.2307
PWY-6901	9746.469745	1626.619857	0.3530	0.2662
PWY-6906	122.816529	0.000000	0.0044	0.0000
PWY-6957	83.869943	0.000000	0.0030	0.0000
PWY-6969	15404.337796	1124.984239	0.5579	0.1841
PWY-6992	51.156909	0.000000	0.0019	0.0000
PWY-7003	4348.266846	397.890008	0.1575	0.0651
PWY-7007	2207.149725	43.543140	0.0799	0.0071
PWY-7013	1032.407395	301.960943	0.0374	0.0494
PWY-7031	17.712261	0.000000	0.0006	0.0000
PWY-7046	1.990202	0.000000	0.0001	0.0000
PWY-7090	1521.299143	0.000000	0.0551	0.0000
PWY-7094	11821.790499	303.782660	0.4281	0.0497
PWY-7097	132.162606	4.922019	0.0048	0.0008
PWY-7098	148.202971	5.365775	0.0054	0.0009
PWY-7111	24216.862562	5235.008828	0.8770	0.8568
PWY-7159	1881.034460	0.000000	0.0681	0.0000
PWY-7184	15052.362132	4072.731016	0.5451	0.6666
PWY-7187	11778.896125	4005.085067	0.4266	0.6555
PWY-7196	12808.797484	4084.503578	0.4639	0.6685
PWY-7197	13218.889057	3557.564164	0.4787	0.5823
PWY-7199	8861.987938	4030.441445	0.3209	0.6597
PWY-7200	10940.097075	3723.760767	0.3962	0.6095
PWY-7208	18284.257674	5311.716954	0.6622	0.8694
PWY-7211	14980.891501	2069.781544	0.5425	0.3388
PWY-7219	17477.802889	4925.563916	0.6330	0.8062
PWY-722	90.571024	0.000000	0.0033	0.0000
PWY-7220	15941.588352	5822.501405	0.5773	0.9530
PWY-7221	17003.859495	4354.017613	0.6158	0.7126
PWY-7222	15941.588352	5822.501405	0.5773	0.9530
PWY-7228	16704.438362	4235.341868	0.6050	0.6932
PWY-7229	17728.740840	5330.227659	0.6421	0.8724
PWY-7234	14344.746802	3846.583866	0.5195	0.6296
PWY-7237	1189.100000	7.900000	0.0431	0.0013
PWY-7242	4753.125880	917.454806	0.1721	0.1502
PWY-7254	10486.307013	710.751147	0.3798	0.1163
PWY-7255	278.491740	2.990132	0.0101	0.0005
PWY-7295	409.222609	0.000000	0.0148	0.0000
PWY-7315	8055.426678	487.651074	0.2917	0.0798
PWY-7323	7040.619067	594.497506	0.2550	0.0973
PWY-7328	6283.280002	673.763621	0.2276	0.1103
PWY-7332	414.885182	0.000000	0.0150	0.0000
PWY-7347	249.108168	0.000000	0.0090	0.0000
PWY-7371	743.431668	2.311994	0.0269	0.0004
PWY-7373	146.567636	0.000000	0.0053	0.0000
PWY-7374	725.281827	2.193266	0.0263	0.0004
PWY-7376	2117.165004	126.718332	0.0767	0.0207
PWY-7377	2096.220673	1031.475874	0.0759	0.1688
PWY-7391	773.599319	59.962950	0.0280	0.0098
PWY-7392	11066.762088	2120.146916	0.4008	0.3470
PWY-7400	12786.309228	3941.419127	0.4631	0.6451
PWY-7431	2285.201091	40.143442	0.0828	0.0066
PWY-7446	374.981787	258.450000	0.0136	0.0423
PWY-7456	1969.071850	637.468498	0.0713	0.1043
PWY-7527	1244.714545	9.737281	0.0451	0.0016
PWY-7539	15918.837049	2143.088572	0.5765	0.3508
PWY-7560	12330.273401	1824.848487	0.4465	0.2987
PWY-7616	1467.483100	0.000000	0.0531	0.0000
PWY-7663	18845.849603	4720.729024	0.6825	0.7726
PWY-7664	12851.245931	1238.821841	0.4654	0.2028
PWY-841	16481.236205	4322.826026	0.5969	0.7075
PWY-922	3514.433285	2561.511147	0.1273	0.4192
PWY0-1061	13400.132533	4353.295576	0.4853	0.7125
PWY0-1241	2696.638468	491.718797	0.0977	0.0805
PWY0-1261	14653.493770	2304.478164	0.5307	0.3772
PWY0-1277	932.822534	341.400372	0.0338	0.0559
PWY0-1296	8222.673096	5029.333625	0.2978	0.8232
PWY0-1297	7901.277507	4480.779292	0.2861	0.7334
PWY0-1298	6406.389520	3822.110483	0.2320	0.6256
PWY0-1319	18143.844167	5215.803676	0.6571	0.8537
PWY0-1338	331.132432	269.450000	0.0120	0.0441
PWY0-1415	6310.647840	465.640766	0.2285	0.0762
PWY0-1479	7199.777223	1014.025719	0.2607	0.1660
PWY0-1533	2189.876991	376.021850	0.0793	0.0615
PWY0-1586	12991.673904	4833.557341	0.4705	0.7911
PWY0-162	16557.113987	4385.483401	0.5996	0.7178
PWY0-166	14256.901666	4154.483443	0.5163	0.6800
PWY0-321	5203.316086	345.347574	0.1884	0.0565
PWY0-41	910.759532	318.748043	0.0330	0.0522
PWY0-42	3434.830478	311.814047	0.1244	0.0510
PWY0-781	12471.258974	2885.410170	0.4517	0.4723
PWY0-845	8127.441485	692.706161	0.2943	0.1134
PWY0-862	11945.774843	3748.841359	0.4326	0.6136
PWY1G-0	1317.801699	39.563477	0.0477	0.0065
PWY490-3	3000.175995	1245.533655	0.1087	0.2039
PWY4FS-7	16887.910452	4796.797601	0.6116	0.7851
PWY4FS-8	16887.910452	4796.797601	0.6116	0.7851
PWYG-321	13345.469023	1031.893412	0.4833	0.1689
PYRIDNUCSAL-PWY	11253.578028	1417.500530	0.4076	0.2320
PYRIDNUCSYN-PWY	9914.048810	1629.290453	0.3590	0.2667
PYRIDOXSYN-PWY	7620.830403	433.815910	0.2760	0.0710
REDCITCYC	13513.952470	735.152802	0.4894	0.1203
RHAMCAT-PWY	2068.684019	896.910816	0.0749	0.1468
RIBOSYN2-PWY	13961.148233	1950.709637	0.5056	0.3193
RUMP-PWY	3825.174976	23.762393	0.1385	0.0039
SALVADEHYPOX-PWY	10864.075876	2960.989738	0.3934	0.4846
SER-GLYSYN-PWY	15622.723973	3689.295559	0.5658	0.6038
SO4ASSIM-PWY	10981.785175	497.587033	0.3977	0.0814
SUCSYN-PWY	785.274894	0.000000	0.0284	0.0000
SULFATE-CYS-PWY	13195.124922	963.311041	0.4779	0.1577
TCA	16818.161380	1232.869738	0.6091	0.2018
TCA-GLYOX-BYPASS	11052.984008	697.716246	0.4003	0.1142
TEICHOICACID-PWY	2778.588931	534.031575	0.1006	0.0874
THISYN-PWY	9064.976555	1093.029743	0.3283	0.1789
THREOCAT-PWY	866.584403	383.055880	0.0314	0.0627
THRESYN-PWY	16481.151132	4490.453159	0.5969	0.7350
TRNA-CHARGING-PWY	14421.566110	3880.941709	0.5223	0.6352
TRPSYN-PWY	14106.224049	3643.738607	0.5109	0.5964
TYRFUMCAT-PWY	4791.517958	48.621612	0.1735	0.0080
UBISYN-PWY	7069.256846	455.440222	0.2560	0.0745
UDPNAGSYN-PWY	14540.670630	4455.677753	0.5266	0.7293
VALSYN-PWY	21002.520763	4630.081225	0.7606	0.7578
